72.0
61.0
61.0
61.0
50.0
55.0
66.0
66.0
61.0
66.0
66.0
55.0
50.0
83.0
66.0
27.0
61.0
38.0
44.0
66.0
77.0
72.0
66.0
66.0
66.0
72.0
77.0
72.0
77.0
61.0
66.0
66.0
77.0
77.0
77.0
77.0
77.0
77.0
66.0
61.0
77.0
72.0
77.0
50.0
77.0
55.0
61.0
55.0
61.0
50.0
50.0
61.0
72.0
66.0
77.0
66.0
66.0
61.0
66.0
66.0
50.0
61.0
72.0
72.0
66.0
61.0
72.0
55.0
66.0
72.0
77.0
77.0
77.0
77.0
72.0
77.0
66.0
61.0
72.0
61.0
66.0
77.0
72.0
72.0
72.0
66.0
66.0
77.0
72.0
66.0
72.0
72.0
72.0
77.0
66.0
61.0
72.0
72.0
66.0
66.0
61.0
72.0
66.0
72.0
77.0
66.0
61.0
72.0
66.0
