27.0
44.0
55.0
55.0
61.0
61.0
55.0
66.0
55.0
72.0
66.0
55.0
55.0
61.0
55.0
66.0
50.0
55.0
55.0
61.0
66.0
61.0
61.0
55.0
66.0
66.0
66.0
61.0
55.0
55.0
61.0
61.0
61.0
66.0
61.0
61.0
61.0
61.0
61.0
61.0
61.0
61.0
61.0
61.0
61.0
61.0
61.0
61.0
61.0
61.0
61.0
61.0
61.0
61.0
61.0
61.0
61.0
61.0
61.0
61.0
61.0
61.0
61.0
61.0
61.0
61.0
61.0
61.0
61.0
61.0
61.0
61.0
61.0
61.0
61.0
61.0
61.0
61.0
61.0
61.0
61.0
61.0
61.0
61.0
61.0
61.0
61.0
61.0
61.0
61.0
61.0
61.0
61.0
61.0
61.0
61.0
61.0
61.0
61.0
61.0
61.0
61.0
61.0
61.0
61.0
